



--------------LINES: 1-------------------


The HITS for each win are: 
-----------------------------------------------------------------------------------------------------
Symbols		5 in a Row	4 in a Row	3 in a Row	2 in a Row	Total
Atkins		0		113		298		1232		1643
Steak		537		3637		36299		367878		408351
Ham		1102		7052		46098		354909		409161
Drum/ck		789		5631		65712		483621		555753
Sausage		1704		8729		62957		0		73390
Eggs		1233		7755		59304		0		68292
Butter		2320		12223		99924		0		114467
Cheese		2013		15815		98228		0		116056
Bacon		3413		23222		115713		0		142348
May/se		3564		23201		144468		0		171233
Total		16675		107378		729001		1207640		2060694
-------------------------------------------------------------------------------------------------------

The PROBABILITIES for each win are: 
-------------------------------------------------------------------------------------------------------------------------------
Symbols		5 in a Row		4 in a Row		3 in a Row		2 in a Row		Total
Atkins		0.00000000		0.00000299		0.00000789		0.00003263		0.00004351
Steak		0.00001422		0.00009632		0.00096131		0.00974251		0.01081435
Ham		0.00002918		0.00018676		0.00122081		0.00939905		0.01083580
Drum/ck		0.00002090		0.00014913		0.00174025		0.01280772		0.01471800
Sausage		0.00004513		0.00023117		0.00166729		0.00000000		0.00194359
Eggs		0.00003265		0.00020538		0.00157055		0.00000000		0.00180858
Butter		0.00006144		0.00032370		0.00264629		0.00000000		0.00303143
Cheese		0.00005331		0.00041883		0.00260137		0.00000000		0.00307351
Bacon		0.00009039		0.00061499		0.00306442		0.00000000		0.00376980
May/se		0.00009439		0.00061443		0.00382594		0.00000000		0.00453476
Total		0.00044160		0.00284369		0.01930612		0.03198191		0.05457332
-------------------------------------------------------------------------------------------------------------------------------

The RETURN for each win is: 
-------------------------------------------------------------------------------------------------------------------------------
Symbols		5 in a Row		4 in a Row		3 in a Row		2 in a Row		Total
Atkins		0.000000		0.001496		0.000395		0.000163		0.002054
Steak		0.014221		0.019264		0.038452		0.029228		0.101165
Ham		0.014592		0.028014		0.036624		0.018798		0.098028
Drum/ck		0.006269		0.014913		0.043506		0.025615		0.090303
Sausage		0.009025		0.017338		0.033346		0.000000		0.059709
Eggs		0.006531		0.015403		0.031411		0.000000		0.053345
Butter		0.006144		0.016185		0.039694		0.000000		0.062023
Cheese		0.005331		0.020941		0.039021		0.000000		0.065293
Bacon		0.004519		0.015375		0.030644		0.000000		0.050538
May/se		0.004719		0.015361		0.038259		0.000000		0.058339
Total		0.071352		0.164289		0.331353		0.073804		0.640798
-------------------------------------------------------------------------------------------------------------------------------

Scatter pays 
-------------------------------------------------------------------------------------------------------------------------------
Total Scatters	Pays	Combinations		Probability		Return
5		100		562		0.000015		0.001488
4		25		23744		0.000629		0.015720
3		5		396261		0.010494		0.052471
2		0		3309579		0.087648		0.000000
1		0		13334322	0.353133		0.000000
0		0		20695634	0.548082		0.000000
Total				37760102	1.000000		0.069679

Experimental Bonus Feature
------------------------------------------------------
Prob. Bonus			0.011138
Num initial free spins		10
Multiplier			3
Exp base win			0.710477
Expected spins			11.917793
Average bonus			25.401963
Bonus return			0.282924
------------------------------------------------------

Theoretical Bonus Feature
------------------------------------------------------
Prob. Bonus			0.011138
Num initial free spins		10
Multiplier			3
Exp base win			0.710477
Expected spins			11.253387
Average bonus			23.985828
Bonus return			0.267151
------------------------------------------------------

Summary
---------------------------------------------
Item			Return
Line Pays		6.967950%
Scatter (fixed wins)	64.079777%
Scatter (free spins)	28.292369%
Total return		99.340096%
---------------------------------------------




--------------LINES: 2-------------------


The HITS for each win are: 
-----------------------------------------------------------------------------------------------------
Symbols		5 in a Row	4 in a Row	3 in a Row	2 in a Row	Total
Atkins		0		134		1036		2468		3638
Steak		1295		7604		72376		734913		816188
Ham		1912		12780		93546		709406		817644
Drum/ck		1628		11430		130229		968417		1111704
Sausage		3876		18413		123406		0		145695
Eggs		2243		14814		121003		0		138060
Butter		4762		24000		199776		0		228538
Cheese		4450		31751		196052		0		232253
Bacon		6428		45131		232757		0		284316
May/se		6631		46779		289743		0		343153
Total		33225		212836		1459924		2415204		4121189
-------------------------------------------------------------------------------------------------------

The PROBABILITIES for each win are: 
-------------------------------------------------------------------------------------------------------------------------------
Symbols		5 in a Row		4 in a Row		3 in a Row		2 in a Row		Total
Atkins		0.00000000		0.00000177		0.00001372		0.00003268		0.00004818
Steak		0.00001715		0.00010069		0.00095842		0.00973186		0.01080812
Ham		0.00002532		0.00016924		0.00123875		0.00939409		0.01082740
Drum/ck		0.00002156		0.00015136		0.00172452		0.01282397		0.01472140
Sausage		0.00005133		0.00024383		0.00163417		0.00000000		0.00192932
Eggs		0.00002970		0.00019617		0.00160235		0.00000000		0.00182822
Butter		0.00006306		0.00031781		0.00264547		0.00000000		0.00302634
Cheese		0.00005893		0.00042045		0.00259616		0.00000000		0.00307554
Bacon		0.00008512		0.00059763		0.00308221		0.00000000		0.00376497
May/se		0.00008781		0.00061946		0.00383683		0.00000000		0.00454410
Total		0.00043997		0.00281842		0.01933260		0.03198260		0.05457359
-------------------------------------------------------------------------------------------------------------------------------

The RETURN for each win is: 
-------------------------------------------------------------------------------------------------------------------------------
Symbols		5 in a Row		4 in a Row		3 in a Row		2 in a Row		Total
Atkins		0.000000		0.000887		0.000686		0.000163		0.001737
Steak		0.017149		0.020139		0.038337		0.029196		0.104820
Ham		0.012660		0.025385		0.037163		0.018788		0.093996
Drum/ck		0.006467		0.015136		0.043113		0.025648		0.090364
Sausage		0.010265		0.018287		0.032683		0.000000		0.061236
Eggs		0.005940		0.014713		0.032047		0.000000		0.052700
Butter		0.006306		0.015891		0.039682		0.000000		0.061879
Cheese		0.005893		0.021023		0.038942		0.000000		0.065858
Bacon		0.004256		0.014941		0.030822		0.000000		0.050019
May/se		0.004390		0.015486		0.038368		0.000000		0.058245
Total		0.073327		0.161887		0.331843		0.073795		0.640853
-------------------------------------------------------------------------------------------------------------------------------

Scatter pays 
-------------------------------------------------------------------------------------------------------------------------------
Total Scatters	Pays	Combinations		Probability		Return
5		100		529		0.000014		0.001401
4		25		23545		0.000624		0.015589
3		5		396292		0.010496		0.052478
2		0		3309419		0.087648		0.000000
1		0		13334393	0.353153		0.000000
0		0		20693914	0.548066		0.000000
Total				37758092	1.000000		0.069468

Experimental Bonus Feature
------------------------------------------------------
Prob. Bonus			0.011133
Num initial free spins		10
Multiplier			3
Exp base win			0.710321
Expected spins			9.158500
Average bonus			19.516419
Bonus return			0.217279
------------------------------------------------------

Theoretical Bonus Feature
------------------------------------------------------
Prob. Bonus			0.011133
Num initial free spins		10
Multiplier			3
Exp base win			0.710321
Expected spins			11.252788
Average bonus			23.979268
Bonus return			0.266964
------------------------------------------------------

Summary
---------------------------------------------
Item			Return
Line Pays		64.085263%
Scatter (fixed wins)	6.946816%
Scatter (free spins)	21.727896%
Total return		92.759975%
---------------------------------------------




--------------LINES: 3-------------------


The HITS for each win are: 
-----------------------------------------------------------------------------------------------------
Symbols		5 in a Row	4 in a Row	3 in a Row	2 in a Row	Total
Atkins		0		153		1549		3856		5558
Steak		2012		11179		108250		1103364		1224805
Ham		2908		18079		141562		1065723		1228272
Drum/ck		2399		16955		195130		1452979		1667463
Sausage		5584		28583		183660		0		217827
Eggs		3522		22621		180883		0		207026
Butter		6995		36504		299492		0		342991
Cheese		6808		46088		294724		0		347620
Bacon		9252		68606		347105		0		424963
May/se		10045		68632		434087		0		512764
Total		49525		317400		2186442		3625922		6179289
-------------------------------------------------------------------------------------------------------

The PROBABILITIES for each win are: 
-------------------------------------------------------------------------------------------------------------------------------
Symbols		5 in a Row		4 in a Row		3 in a Row		2 in a Row		Total
Atkins		0.00000000		0.00000135		0.00001367		0.00003404		0.00004906
Steak		0.00001776		0.00009867		0.00095550		0.00973915		0.01081108
Ham		0.00002567		0.00015958		0.00124954		0.00940690		0.01084168
Drum/ck		0.00002118		0.00014966		0.00172237		0.01282512		0.01471833
Sausage		0.00004929		0.00025230		0.00162113		0.00000000		0.00192271
Eggs		0.00003109		0.00019967		0.00159661		0.00000000		0.00182737
Butter		0.00006174		0.00032221		0.00264355		0.00000000		0.00302751
Cheese		0.00006009		0.00040681		0.00260146		0.00000000		0.00306836
Bacon		0.00008167		0.00060557		0.00306382		0.00000000		0.00375105
May/se		0.00008866		0.00060580		0.00383159		0.00000000		0.00452605
Total		0.00043715		0.00280162		0.01929924		0.03200521		0.05454322
-------------------------------------------------------------------------------------------------------------------------------

The RETURN for each win is: 
-------------------------------------------------------------------------------------------------------------------------------
Symbols		5 in a Row		4 in a Row		3 in a Row		2 in a Row		Total
Atkins		0.000000		0.000675		0.000684		0.000170		0.001529
Steak		0.017759		0.019735		0.038220		0.029217		0.104932
Ham		0.012834		0.023937		0.037486		0.018814		0.093071
Drum/ck		0.006353		0.014966		0.043059		0.025650		0.090028
Sausage		0.009858		0.018922		0.032423		0.000000		0.061202
Eggs		0.006218		0.014975		0.031932		0.000000		0.053125
Butter		0.006174		0.016111		0.039653		0.000000		0.061938
Cheese		0.006009		0.020340		0.039022		0.000000		0.065372
Bacon		0.004083		0.015139		0.030638		0.000000		0.049861
May/se		0.004433		0.015145		0.038316		0.000000		0.057894
Total		0.073722		0.159946		0.331433		0.073852		0.638952
-------------------------------------------------------------------------------------------------------------------------------

Scatter pays 
-------------------------------------------------------------------------------------------------------------------------------
Total Scatters	Pays	Combinations		Probability		Return
5		100		520		0.000014		0.001377
4		25		23539		0.000623		0.015583
3		5		396885		0.010510		0.052548
2		0		3310128		0.087653		0.000000
1		0		13334541	0.353103		0.000000
0		0		20698259	0.548097		0.000000
Total				37763872	1.000000		0.069508

Experimental Bonus Feature
------------------------------------------------------
Prob. Bonus			0.011147
Num initial free spins		10
Multiplier			3
Exp base win			0.708460
Expected spins			9.712822
Average bonus			20.643445
Bonus return			0.230107
------------------------------------------------------

Theoretical Bonus Feature
------------------------------------------------------
Prob. Bonus			0.011147
Num initial free spins		10
Multiplier			3
Exp base win			0.708460
Expected spins			11.254511
Average bonus			23.920121
Bonus return			0.266631
------------------------------------------------------

Summary
---------------------------------------------
Item			Return
Line Pays		63.895201%
Scatter (fixed wins)	6.950823%
Scatter (free spins)	23.010708%
Total return		93.856733%
---------------------------------------------




--------------LINES: 4-------------------


The HITS for each win are: 
-----------------------------------------------------------------------------------------------------
Symbols		5 in a Row	4 in a Row	3 in a Row	2 in a Row	Total
Atkins		0		174		2389		4973		7536
Steak		2453		14887		143782		1470657		1631779
Ham		3966		23961		188640		1420293		1636860
Drum/ck		3292		23329		262781		1937361		2226763
Sausage		7681		39062		244061		0		290804
Eggs		4788		29728		238248		0		272764
Butter		8948		48867		398057		0		455872
Cheese		9180		62497		389228		0		460905
Bacon		12616		90510		467999		0		571125
May/se		13846		92713		579930		0		686489
Total		66770		425728		2915115		4833284		8240897
-------------------------------------------------------------------------------------------------------

The PROBABILITIES for each win are: 
-------------------------------------------------------------------------------------------------------------------------------
Symbols		5 in a Row		4 in a Row		3 in a Row		2 in a Row		Total
Atkins		0.00000000		0.00000115		0.00001582		0.00003292		0.00004989
Steak		0.00001624		0.00009855		0.00095185		0.00973588		0.01080252
Ham		0.00002626		0.00015862		0.00124881		0.00940246		0.01083615
Drum/ck		0.00002179		0.00015444		0.00173963		0.01282550		0.01474136
Sausage		0.00005085		0.00025859		0.00161570		0.00000000		0.00192515
Eggs		0.00003170		0.00019680		0.00157722		0.00000000		0.00180572
Butter		0.00005924		0.00032350		0.00263517		0.00000000		0.00301791
Cheese		0.00006077		0.00041374		0.00257672		0.00000000		0.00305123
Bacon		0.00008352		0.00059918		0.00309819		0.00000000		0.00378090
May/se		0.00009166		0.00061377		0.00383919		0.00000000		0.00454462
Total		0.00044202		0.00281836		0.01929831		0.03199675		0.05455544
-------------------------------------------------------------------------------------------------------------------------------

The RETURN for each win is: 
-------------------------------------------------------------------------------------------------------------------------------
Symbols		5 in a Row		4 in a Row		3 in a Row		2 in a Row		Total
Atkins		0.000000		0.000576		0.000791		0.000165		0.001531
Steak		0.016239		0.019711		0.038074		0.029208		0.103231
Ham		0.013128		0.023794		0.037464		0.018805		0.093191
Drum/ck		0.006538		0.015444		0.043491		0.025651		0.091124
Sausage		0.010170		0.019395		0.032314		0.000000		0.061878
Eggs		0.006339		0.014760		0.031544		0.000000		0.052644
Butter		0.005924		0.016175		0.039528		0.000000		0.061626
Cheese		0.006077		0.020687		0.038651		0.000000		0.065415
Bacon		0.004176		0.014980		0.030982		0.000000		0.050137
May/se		0.004583		0.015344		0.038392		0.000000		0.058319
Total		0.073174		0.160865		0.331231		0.073828		0.639097
-------------------------------------------------------------------------------------------------------------------------------

Scatter pays 
-------------------------------------------------------------------------------------------------------------------------------
Total Scatters	Pays	Combinations		Probability		Return
5		100		548		0.000015		0.001451
4		25		23791		0.000630		0.015750
3		5		396604		0.010502		0.052511
2		0		3308880		0.087620		0.000000
1		0		13336864	0.353165		0.000000
0		0		20697175	0.548068		0.000000
Total				37763862	1.000000		0.069712

Experimental Bonus Feature
------------------------------------------------------
Prob. Bonus			0.011147
Num initial free spins		10
Multiplier			3
Exp base win			0.708809
Expected spins			10.524627
Average bonus			22.379860
Bonus return			0.249462
------------------------------------------------------

Theoretical Bonus Feature
------------------------------------------------------
Prob. Bonus			0.011147
Num initial free spins		10
Multiplier			3
Exp base win			0.708809
Expected spins			11.254508
Average bonus			23.931898
Bonus return			0.266762
------------------------------------------------------

Summary
---------------------------------------------
Item			Return
Line Pays		63.909723%
Scatter (fixed wins)	6.971202%
Scatter (free spins)	24.946192%
Total return		95.827117%
---------------------------------------------




--------------LINES: 5-------------------


The HITS for each win are: 
-----------------------------------------------------------------------------------------------------
Symbols		5 in a Row	4 in a Row	3 in a Row	2 in a Row	Total
Atkins		0		223		2920		5931		9074
Steak		2928		18614		179589		1838361		2039492
Ham		4822		29680		236581		1775505		2046588
Drum/ck		4046		29273		329133		2421313		2783765
Sausage		9679		48827		304863		0		363369
Eggs		5475		36492		299376		0		341343
Butter		11447		60578		497041		0		569066
Cheese		11343		75974		484475		0		571792
Bacon		15839		114406		582954		0		713199
May/se		16872		114377		726828		0		858077
Total		82451		528444		3643760		6041110		10295765
-------------------------------------------------------------------------------------------------------

The PROBABILITIES for each win are: 
-------------------------------------------------------------------------------------------------------------------------------
Symbols		5 in a Row		4 in a Row		3 in a Row		2 in a Row		Total
Atkins		0.00000000		0.00000118		0.00001547		0.00003142		0.00004807
Steak		0.00001551		0.00009861		0.00095137		0.00973865		0.01080414
Ham		0.00002554		0.00015723		0.00125328		0.00940567		0.01084173
Drum/ck		0.00002143		0.00015507		0.00174357		0.01282682		0.01474690
Sausage		0.00005127		0.00025866		0.00161500		0.00000000		0.00192493
Eggs		0.00002900		0.00019332		0.00158593		0.00000000		0.00180825
Butter		0.00006064		0.00032091		0.00263306		0.00000000		0.00301461
Cheese		0.00006009		0.00040247		0.00256649		0.00000000		0.00302905
Bacon		0.00008391		0.00060606		0.00308818		0.00000000		0.00377815
May/se		0.00008938		0.00060591		0.00385035		0.00000000		0.00454563
Total		0.00043678		0.00279941		0.01930269		0.03200256		0.05454145
-------------------------------------------------------------------------------------------------------------------------------

The RETURN for each win is: 
-------------------------------------------------------------------------------------------------------------------------------
Symbols		5 in a Row		4 in a Row		3 in a Row		2 in a Row		Total
Atkins		0.000000		0.000591		0.000773		0.000157		0.001521
Steak		0.015511		0.019721		0.038055		0.029216		0.102503
Ham		0.012772		0.023584		0.037598		0.018811		0.092766
Drum/ck		0.006430		0.015507		0.043589		0.025654		0.091180
Sausage		0.010255		0.019399		0.032300		0.000000		0.061954
Eggs		0.005801		0.014499		0.031719		0.000000		0.052018
Butter		0.006064		0.016045		0.039496		0.000000		0.061605
Cheese		0.006009		0.020123		0.038497		0.000000		0.064630
Bacon		0.004195		0.015152		0.030882		0.000000		0.050229
May/se		0.004469		0.015148		0.038503		0.000000		0.058120
Total		0.071506		0.159770		0.331413		0.073838		0.636527
-------------------------------------------------------------------------------------------------------------------------------

Scatter pays 
-------------------------------------------------------------------------------------------------------------------------------
Total Scatters	Pays	Combinations		Probability		Return
5		100		534		0.000014		0.001414
4		25		23561		0.000624		0.015602
3		5		395853		0.010485		0.052425
2		0		3311002		0.087700		0.000000
1		0		13329333	0.353058		0.000000
0		0		20693629	0.548119		0.000000
Total				37753912	1.000000		0.069442

Experimental Bonus Feature
------------------------------------------------------
Prob. Bonus			0.011123
Num initial free spins		10
Multiplier			3
Exp base win			0.705968
Expected spins			7.985169
Average bonus			16.911828
Bonus return			0.188115
------------------------------------------------------

Theoretical Bonus Feature
------------------------------------------------------
Prob. Bonus			0.011123
Num initial free spins		10
Multiplier			3
Exp base win			0.705968
Expected spins			11.251543
Average bonus			23.829698
Bonus return			0.265065
------------------------------------------------------

Summary
---------------------------------------------
Item			Return
Line Pays		63.652677%
Scatter (fixed wins)	6.944155%
Scatter (free spins)	18.811530%
Total return		89.408362%
---------------------------------------------




--------------LINES: 6-------------------


The HITS for each win are: 
-----------------------------------------------------------------------------------------------------
Symbols		5 in a Row	4 in a Row	3 in a Row	2 in a Row	Total
Atkins		18		305		3464		6861		10648
Steak		3585		22138		215664		2202805		2444192
Ham		6370		35554		284388		2125818		2452130
Drum/ck		4491		34904		393867		2904574		3337836
Sausage		11316		58732		366785		0		436833
Eggs		6496		45410		358520		0		410426
Butter		13772		72315		598107		0		684194
Cheese		13671		89875		581785		0		685331
Bacon		18559		138694		697994		0		855247
May/se		20244		137575		872229		0		1030048
Total		98522		635502		4372803		7240058		12346885
-------------------------------------------------------------------------------------------------------

The PROBABILITIES for each win are: 
-------------------------------------------------------------------------------------------------------------------------------
Symbols		5 in a Row		4 in a Row		3 in a Row		2 in a Row		Total
Atkins		0.00000008		0.00000135		0.00001529		0.00003028		0.00004700
Steak		0.00001582		0.00009771		0.00095192		0.00972295		0.01078840
Ham		0.00002812		0.00015693		0.00125526		0.00938314		0.01082344
Drum/ck		0.00001982		0.00015406		0.00173849		0.01282048		0.01473285
Sausage		0.00004995		0.00025924		0.00161895		0.00000000		0.00192813
Eggs		0.00002867		0.00020043		0.00158247		0.00000000		0.00181158
Butter		0.00006079		0.00031919		0.00263998		0.00000000		0.00301996
Cheese		0.00006034		0.00039670		0.00256794		0.00000000		0.00302498
Bacon		0.00008192		0.00061218		0.00308087		0.00000000		0.00377497
May/se		0.00008935		0.00060724		0.00384993		0.00000000		0.00454652
Total		0.00043487		0.00280504		0.01930109		0.03195685		0.05449784
-------------------------------------------------------------------------------------------------------------------------------

The RETURN for each win is: 
-------------------------------------------------------------------------------------------------------------------------------
Symbols		5 in a Row		4 in a Row		3 in a Row		2 in a Row		Total
Atkins		0.000397		0.000673		0.000764		0.000151		0.001986
Steak		0.015824		0.019543		0.038077		0.029169		0.102612
Ham		0.014058		0.023540		0.037658		0.018766		0.094022
Drum/ck		0.005947		0.015406		0.043462		0.025641		0.090456
Sausage		0.009990		0.019443		0.032379		0.000000		0.061811
Eggs		0.005735		0.015033		0.031649		0.000000		0.052417
Butter		0.006079		0.015960		0.039600		0.000000		0.061638
Cheese		0.006034		0.019835		0.038519		0.000000		0.064388
Bacon		0.004096		0.015305		0.030809		0.000000		0.050209
May/se		0.004468		0.015181		0.038499		0.000000		0.058148
Total		0.072627		0.159917		0.331416		0.073727		0.637688
-------------------------------------------------------------------------------------------------------------------------------

Scatter pays 
-------------------------------------------------------------------------------------------------------------------------------
Total Scatters	Pays	Combinations		Probability		Return
5		100		538		0.000014		0.001425
4		25		23535		0.000623		0.015582
3		5		396439		0.010499		0.052495
2		0		3308929		0.087632		0.000000
1		0		13335639	0.353173		0.000000
0		0		20694472	0.548059		0.000000
Total				37759552	1.000000		0.069502

Experimental Bonus Feature
------------------------------------------------------
Prob. Bonus			0.011137
Num initial free spins		10
Multiplier			3
Exp base win			0.707190
Expected spins			10.104575
Average bonus			21.437573
Bonus return			0.238741
------------------------------------------------------

Theoretical Bonus Feature
------------------------------------------------------
Prob. Bonus			0.011137
Num initial free spins		10
Multiplier			3
Exp base win			0.707190
Expected spins			11.253223
Average bonus			23.874511
Bonus return			0.265880
------------------------------------------------------

Summary
---------------------------------------------
Item			Return
Line Pays		63.768815%
Scatter (fixed wins)	6.950215%
Scatter (free spins)	23.874109%
Total return		94.593139%
---------------------------------------------




--------------LINES: 7-------------------


The HITS for each win are: 
-----------------------------------------------------------------------------------------------------
Symbols		5 in a Row	4 in a Row	3 in a Row	2 in a Row	Total
Atkins		17		332		3899		7867		12115
Steak		3956		25300		252321		2573992		2855569
Ham		7753		41375		331997		2483590		2864715
Drum/ck		5418		41383		463015		3386849		3896665
Sausage		13177		68426		427964		0		509567
Eggs		7424		52661		416456		0		476541
Butter		16035		84293		698194		0		798522
Cheese		15486		106754		674070		0		796310
Bacon		21515		162571		817632		0		1001718
May/se		22871		160452		1017459		0		1200782
Total		113652		743547		5103007		8452298		14412504
-------------------------------------------------------------------------------------------------------

The PROBABILITIES for each win are: 
-------------------------------------------------------------------------------------------------------------------------------
Symbols		5 in a Row		4 in a Row		3 in a Row		2 in a Row		Total
Atkins		0.00000006		0.00000126		0.00001475		0.00002976		0.00004583
Steak		0.00001497		0.00009572		0.00095459		0.00973803		0.01080330
Ham		0.00002933		0.00015653		0.00125602		0.00939602		0.01083790
Drum/ck		0.00002050		0.00015656		0.00175170		0.01281326		0.01474202
Sausage		0.00004985		0.00025887		0.00161909		0.00000000		0.00192781
Eggs		0.00002809		0.00019923		0.00157555		0.00000000		0.00180287
Butter		0.00006066		0.00031890		0.00264144		0.00000000		0.00302100
Cheese		0.00005859		0.00040388		0.00255017		0.00000000		0.00301263
Bacon		0.00008140		0.00061505		0.00309330		0.00000000		0.00378974
May/se		0.00008653		0.00060703		0.00384929		0.00000000		0.00454285
Total		0.00042997		0.00281302		0.01930590		0.03197707		0.05452596
-------------------------------------------------------------------------------------------------------------------------------

The RETURN for each win is: 
-------------------------------------------------------------------------------------------------------------------------------
Symbols		5 in a Row		4 in a Row		3 in a Row		2 in a Row		Total
Atkins		0.000322		0.000628		0.000738		0.000149		0.001836
Steak		0.014966		0.019143		0.038184		0.029214		0.101507
Ham		0.014666		0.023480		0.037681		0.018792		0.094618
Drum/ck		0.006149		0.015656		0.043792		0.025627		0.091224
Sausage		0.009970		0.019415		0.032382		0.000000		0.061768
Eggs		0.005617		0.014942		0.031511		0.000000		0.052071
Butter		0.006066		0.015945		0.039622		0.000000		0.061633
Cheese		0.005859		0.020194		0.038253		0.000000		0.064305
Bacon		0.004070		0.015376		0.030933		0.000000		0.050379
May/se		0.004326		0.015176		0.038493		0.000000		0.057995
Total		0.072012		0.159955		0.331587		0.073781		0.637336
-------------------------------------------------------------------------------------------------------------------------------

Scatter pays 
-------------------------------------------------------------------------------------------------------------------------------
Total Scatters	Pays	Combinations		Probability		Return
5		100		541		0.000014		0.001433
4		25		23564		0.000624		0.015601
3		5		396505		0.010501		0.052503
2		0		3309364		0.087641		0.000000
1		0		13335088	0.353149		0.000000
0		0		20695470	0.548071		0.000000
Total				37760532	1.000000		0.069536

Experimental Bonus Feature
------------------------------------------------------
Prob. Bonus			0.011139
Num initial free spins		10
Multiplier			3
Exp base win			0.706872
Expected spins			8.780086
Average bonus			18.619197
Bonus return			0.207397
------------------------------------------------------

Theoretical Bonus Feature
------------------------------------------------------
Prob. Bonus			0.011139
Num initial free spins		10
Multiplier			3
Exp base win			0.706872
Expected spins			11.253515
Average bonus			23.864394
Bonus return			0.265823
------------------------------------------------------

Summary
---------------------------------------------
Item			Return
Line Pays		63.733603%
Scatter (fixed wins)	6.953623%
Scatter (free spins)	20.739698%
Total return		91.426925%
---------------------------------------------




--------------LINES: 8-------------------


The HITS for each win are: 
-----------------------------------------------------------------------------------------------------
Symbols		5 in a Row	4 in a Row	3 in a Row	2 in a Row	Total
Atkins		19		353		4343		9384		14099
Steak		4477		28876		288356		2941736		3263445
Ham		8647		46925		378827		2839430		3273829
Drum/ck		6287		47286		527231		3872620		4453424
Sausage		15040		78003		488830		0		581873
Eggs		8327		60077		475975		0		544379
Butter		18323		96865		796826		0		912014
Cheese		18334		121539		772706		0		912579
Bacon		25056		187460		930962		0		1143478
May/se		26123		183365		1162661		0		1372149
Total		130633		850749		5826717		9663170		16471269
-------------------------------------------------------------------------------------------------------

The PROBABILITIES for each win are: 
-------------------------------------------------------------------------------------------------------------------------------
Symbols		5 in a Row		4 in a Row		3 in a Row		2 in a Row		Total
Atkins		0.00000006		0.00000117		0.00001438		0.00003107		0.00004667
Steak		0.00001482		0.00009559		0.00095458		0.00973840		0.01080339
Ham		0.00002863		0.00015534		0.00125408		0.00939972		0.01083777
Drum/ck		0.00002081		0.00015654		0.00174536		0.01282002		0.01474273
Sausage		0.00004979		0.00025822		0.00161824		0.00000000		0.00192625
Eggs		0.00002757		0.00019888		0.00157568		0.00000000		0.00180213
Butter		0.00006066		0.00032066		0.00263783		0.00000000		0.00301915
Cheese		0.00006069		0.00040235		0.00255799		0.00000000		0.00302103
Bacon		0.00008295		0.00062057		0.00308188		0.00000000		0.00378540
May/se		0.00008648		0.00060702		0.00384890		0.00000000		0.00454240
Total		0.00043245		0.00281634		0.01928891		0.03198921		0.05452692
-------------------------------------------------------------------------------------------------------------------------------

The RETURN for each win is: 
-------------------------------------------------------------------------------------------------------------------------------
Symbols		5 in a Row		4 in a Row		3 in a Row		2 in a Row		Total
Atkins		0.000314		0.000584		0.000719		0.000155		0.001773
Steak		0.014821		0.019118		0.038183		0.029215		0.101338
Ham		0.014313		0.023301		0.037622		0.018799		0.094036
Drum/ck		0.006244		0.015654		0.043634		0.025640		0.091171
Sausage		0.009958		0.019367		0.032365		0.000000		0.061689
Eggs		0.005513		0.014916		0.031514		0.000000		0.051943
Butter		0.006066		0.016033		0.039568		0.000000		0.061666
Cheese		0.006069		0.020117		0.038370		0.000000		0.064556
Bacon		0.004147		0.015514		0.030819		0.000000		0.050480
May/se		0.004324		0.015175		0.038489		0.000000		0.057988
Total		0.071769		0.159781		0.331282		0.073810		0.636641
-------------------------------------------------------------------------------------------------------------------------------

Scatter pays 
-------------------------------------------------------------------------------------------------------------------------------
Total Scatters	Pays	Combinations		Probability		Return
5		100		552		0.000015		0.001462
4		25		23533		0.000623		0.015581
3		5		396421		0.010499		0.052493
2		0		3310038		0.087661		0.000000
1		0		13333587	0.353119		0.000000
0		0		20695361	0.548084		0.000000
Total				37759492	1.000000		0.069536

Experimental Bonus Feature
------------------------------------------------------
Prob. Bonus			0.011136
Num initial free spins		10
Multiplier			3
Exp base win			0.706177
Expected spins			9.959405
Average bonus			21.099308
Bonus return			0.234971
------------------------------------------------------

Theoretical Bonus Feature
------------------------------------------------------
Prob. Bonus			0.011136
Num initial free spins		10
Multiplier			3
Exp base win			0.706177
Expected spins			11.253206
Average bonus			23.840265
Bonus return			0.265495
------------------------------------------------------

Summary
---------------------------------------------
Item			Return
Line Pays		63.664137%
Scatter (fixed wins)	6.953563%
Scatter (free spins)	23.497100%
Total return		94.114800%
---------------------------------------------




--------------LINES: 9-------------------


The HITS for each win are: 
-----------------------------------------------------------------------------------------------------
Symbols		5 in a Row	4 in a Row	3 in a Row	2 in a Row	Total
Atkins		18		403		4903		10757		16081
Steak		4792		31878		326338		3308640		3671648
Ham		9904		52489		425178		3195464		3683035
Drum/ck		7346		53485		592185		4357176		5010192
Sausage		17438		88371		549850		0		655659
Eggs		9541		68173		534053		0		611767
Butter		20397		109165		896216		0		1025778
Cheese		20883		138033		870952		0		1029868
Bacon		28392		209833		1046582		0		1284807
May/se		29122		207009		1308133		0		1544264
Total		147833		958839		6554390		10872037		18533099
-------------------------------------------------------------------------------------------------------

The PROBABILITIES for each win are: 
-------------------------------------------------------------------------------------------------------------------------------
Symbols		5 in a Row		4 in a Row		3 in a Row		2 in a Row		Total
Atkins		0.00000005		0.00000119		0.00001443		0.00003165		0.00004732
Steak		0.00001410		0.00009380		0.00096024		0.00973556		0.01080369
Ham		0.00002914		0.00015445		0.00125107		0.00940254		0.01083720
Drum/ck		0.00002162		0.00015738		0.00174248		0.01282084		0.01474231
Sausage		0.00005131		0.00026003		0.00161791		0.00000000		0.00192925
Eggs		0.00002807		0.00020060		0.00157143		0.00000000		0.00180010
Butter		0.00006002		0.00032121		0.00263708		0.00000000		0.00301832
Cheese		0.00006145		0.00040616		0.00256275		0.00000000		0.00303035
Bacon		0.00008354		0.00061743		0.00307953		0.00000000		0.00378050
May/se		0.00008569		0.00060912		0.00384913		0.00000000		0.00454394
Total		0.00043499		0.00282135		0.01928606		0.03199058		0.05453298
-------------------------------------------------------------------------------------------------------------------------------

The RETURN for each win is: 
-------------------------------------------------------------------------------------------------------------------------------
Symbols		5 in a Row		4 in a Row		3 in a Row		2 in a Row		Total
Atkins		0.000265		0.000593		0.000721		0.000158		0.001737
Steak		0.014100		0.018760		0.038410		0.029207		0.100476
Ham		0.014571		0.023167		0.037532		0.018805		0.094075
Drum/ck		0.006485		0.015738		0.043562		0.025642		0.091426
Sausage		0.010262		0.019502		0.032358		0.000000		0.062123
Eggs		0.005615		0.015045		0.031429		0.000000		0.052088
Butter		0.006002		0.016061		0.039556		0.000000		0.061619
Cheese		0.006145		0.020308		0.038441		0.000000		0.064894
Bacon		0.004177		0.015436		0.030795		0.000000		0.050408
May/se		0.004285		0.015228		0.038491		0.000000		0.058004
Total		0.071906		0.159837		0.331296		0.073812		0.636850
-------------------------------------------------------------------------------------------------------------------------------

Scatter pays 
-------------------------------------------------------------------------------------------------------------------------------
Total Scatters	Pays	Combinations		Probability		Return
5		100		544		0.000014		0.001441
4		25		23593		0.000625		0.015620
3		5		396544		0.010501		0.052507
2		0		3309754		0.087650		0.000000
1		0		13334319	0.353122		0.000000
0		0		20696488	0.548088		0.000000
Total				37761242	1.000000		0.069567

Experimental Bonus Feature
------------------------------------------------------
Prob. Bonus			0.011141
Num initial free spins		10
Multiplier			3
Exp base win			0.706418
Expected spins			8.538106
Average bonus			18.094404
Bonus return			0.201582
------------------------------------------------------

Theoretical Bonus Feature
------------------------------------------------------
Prob. Bonus			0.011141
Num initial free spins		10
Multiplier			3
Exp base win			0.706418
Expected spins			11.253727
Average bonus			23.849493
Bonus return			0.265696
------------------------------------------------------

Summary
---------------------------------------------
Item			Return
Line Pays		63.685037%
Scatter (fixed wins)	6.956723%
Scatter (free spins)	20.158161%
Total return		90.799922%
---------------------------------------------




--------------LINES: 10-------------------


The HITS for each win are: 
-----------------------------------------------------------------------------------------------------
Symbols		5 in a Row	4 in a Row	3 in a Row	2 in a Row	Total
Atkins		17		391		5937		12077		18422
Steak		5322		35207		362483		3669810		4072822
Ham		11036		59151		471970		3548993		4091150
Drum/ck		8678		58906		656828		4839800		5564212
Sausage		18846		97482		611809		0		728137
Eggs		10234		76500		593869		0		680603
Butter		22700		120841		994064		0		1137605
Cheese		24106		154838		966517		0		1145461
Bacon		31096		231694		1162143		0		1424933
May/se		32842		231080		1455646		0		1719568
Total		164877		1066090		7281266		12070680		20582913
-------------------------------------------------------------------------------------------------------

The PROBABILITIES for each win are: 
-------------------------------------------------------------------------------------------------------------------------------
Symbols		5 in a Row		4 in a Row		3 in a Row		2 in a Row		Total
Atkins		0.00000005		0.00000104		0.00001572		0.00003198		0.00004878
Steak		0.00001409		0.00009322		0.00095978		0.00971693		0.01078402
Ham		0.00002922		0.00015662		0.00124968		0.00939703		0.01083255
Drum/ck		0.00002298		0.00015597		0.00173915		0.01281483		0.01473293
Sausage		0.00004990		0.00025811		0.00161995		0.00000000		0.00192796
Eggs		0.00002710		0.00020256		0.00157245		0.00000000		0.00180210
Butter		0.00006011		0.00031996		0.00263208		0.00000000		0.00301215
Cheese		0.00006383		0.00040998		0.00255915		0.00000000		0.00303295
Bacon		0.00008234		0.00061348		0.00307712		0.00000000		0.00377294
May/se		0.00008696		0.00061185		0.00385426		0.00000000		0.00455307
Total		0.00043656		0.00282279		0.01927935		0.03196076		0.05449947
-------------------------------------------------------------------------------------------------------------------------------

The RETURN for each win is: 
