



--------------LINES: 1-------------------


The HITS for each win are: 
-----------------------------------------------------------------------------------------------------
Symbols		5 in a Row	4 in a Row	3 in a Row	2 in a Row	Total
Atkins		0		105		258		1071		1434
Steak		474		3262		32245		327074		363055
Ham		996		6238		40942		315305		363481
Drum/ck		689		4991		58404		429671		493755
Sausage		1495		7742		55915		0		65152
Eggs		1121		6913		52687		0		60721
Butter		2076		10859		88746		0		101681
Cheese		1785		14103		87172		0		103060
Bacon		3025		20632		102898		0		126555
May/se		3175		20627		128654		0		152456
Total		14836		95472		647921		1073121		1831350
-------------------------------------------------------------------------------------------------------

The PROBABILITIES for each win are: 
-------------------------------------------------------------------------------------------------------------------------------
Symbols		5 in a Row		4 in a Row		3 in a Row		2 in a Row		Total
Atkins		0.00000000		0.00000313		0.00000769		0.00003192		0.00004274
Steak		0.00001413		0.00009722		0.00096098		0.00974756		0.01081988
Ham		0.00002968		0.00018591		0.00122017		0.00939682		0.01083258
Drum/ck		0.00002053		0.00014874		0.00174057		0.01280519		0.01471505
Sausage		0.00004455		0.00023073		0.00166640		0.00000000		0.00194168
Eggs		0.00003341		0.00020602		0.00157019		0.00000000		0.00180963
Butter		0.00006187		0.00032362		0.00264484		0.00000000		0.00303033
Cheese		0.00005320		0.00042030		0.00259793		0.00000000		0.00307143
Bacon		0.00009015		0.00061488		0.00306660		0.00000000		0.00377163
May/se		0.00009462		0.00061473		0.00383419		0.00000000		0.00454354
Total		0.00044215		0.00284529		0.01930955		0.03198150		0.05457848
-------------------------------------------------------------------------------------------------------------------------------

The RETURN for each win is: 
-------------------------------------------------------------------------------------------------------------------------------
Symbols		5 in a Row		4 in a Row		3 in a Row		2 in a Row		Total
Atkins		0.000000		0.001565		0.000384		0.000160		0.002109
Steak		0.014126		0.019443		0.038439		0.029243		0.101251
Ham		0.014842		0.027886		0.036605		0.018794		0.098126
Drum/ck		0.006160		0.014874		0.043514		0.025610		0.090159
Sausage		0.008911		0.017305		0.033328		0.000000		0.059544
Eggs		0.006682		0.015452		0.031404		0.000000		0.053537
Butter		0.006187		0.016181		0.039673		0.000000		0.062041
Cheese		0.005320		0.021015		0.038969		0.000000		0.065304
Bacon		0.004508		0.015372		0.030666		0.000000		0.050546
May/se		0.004731		0.015368		0.038342		0.000000		0.058441
Total		0.071466		0.164461		0.331324		0.073806		0.641057
-------------------------------------------------------------------------------------------------------------------------------

Scatter pays 
-------------------------------------------------------------------------------------------------------------------------------
Total Scatters	Pays	Combinations		Probability		Return
5		100		487		0.000015		0.001451
4		25		20992		0.000626		0.015640
3		5		352358		0.010501		0.052505
2		0		2941265		0.087657		0.000000
1		0		11848641	0.353117		0.000000
0		0		18390689	0.548085		0.000000
Total				33554432	1.000000		0.069597

Theoretical Bonus Feature
------------------------------------------------------
Prob. Bonus			0.011141
Num initial free spins		10
Multiplier			3
Exp base win			0.710655
Expected spins			11.253811
Average bonus			23.992715
Bonus return			0.267308
------------------------------------------------------

Summary
---------------------------------------------
Item			Return
Line Pays		64.105746%
Scatter (fixed wins)	6.959707%
Total return		71.065453%
---------------------------------------------




--------------LINES: 2-------------------


The HITS for each win are: 
-----------------------------------------------------------------------------------------------------
Symbols		5 in a Row	4 in a Row	3 in a Row	2 in a Row	Total
Atkins		0		146		895		2137		3178
Steak		1248		6529		64424		653418		725619
Ham		1677		11377		83223		630829		727106
Drum/ck		1357		10192		115515		859953		987017
Sausage		3410		16242		109517		0		129169
Eggs		1989		13250		107652		0		122891
Butter		4247		21433		177253		0		202933
Cheese		3973		27972		174374		0		206319
Bacon		5647		39964		206544		0		252155
May/se		5937		41427		256427		0		303791
Total		29485		188532		1295824		2146337		3660178
-------------------------------------------------------------------------------------------------------

The PROBABILITIES for each win are: 
-------------------------------------------------------------------------------------------------------------------------------
Symbols		5 in a Row		4 in a Row		3 in a Row		2 in a Row		Total
Atkins		0.00000000		0.00000218		0.00001334		0.00003184		0.00004736
Steak		0.00001860		0.00009729		0.00095999		0.00973669		0.01081257
Ham		0.00002499		0.00016953		0.00124012		0.00940008		0.01083472
Drum/ck		0.00002022		0.00015187		0.00172131		0.01281430		0.01470770
Sausage		0.00005081		0.00024202		0.00163193		0.00000000		0.00192477
Eggs		0.00002964		0.00019744		0.00160414		0.00000000		0.00183122
Butter		0.00006329		0.00031938		0.00264128		0.00000000		0.00302394
Cheese		0.00005920		0.00041682		0.00259838		0.00000000		0.00307439
Bacon		0.00008415		0.00059551		0.00307775		0.00000000		0.00375740
May/se		0.00008847		0.00061731		0.00382106		0.00000000		0.00452684
Total		0.00043936		0.00280935		0.01930928		0.03198291		0.05454090
-------------------------------------------------------------------------------------------------------------------------------

The RETURN for each win is: 
-------------------------------------------------------------------------------------------------------------------------------
Symbols		5 in a Row		4 in a Row		3 in a Row		2 in a Row		Total
Atkins		0.000000		0.001088		0.000667		0.000159		0.001914
Steak		0.018597		0.019458		0.038400		0.029210		0.105664
Ham		0.012495		0.025430		0.037204		0.018800		0.093928
Drum/ck		0.006066		0.015187		0.043033		0.025629		0.089915
Sausage		0.010163		0.018152		0.032639		0.000000		0.060953
Eggs		0.005928		0.014808		0.032083		0.000000		0.052819
Butter		0.006329		0.015969		0.039619		0.000000		0.061916
Cheese		0.005920		0.020841		0.038976		0.000000		0.065737
Bacon		0.004207		0.014888		0.030777		0.000000		0.049873
May/se		0.004423		0.015433		0.038211		0.000000		0.058067
Total		0.074127		0.161253		0.331607		0.073798		0.640785
-------------------------------------------------------------------------------------------------------------------------------

Scatter pays 
-------------------------------------------------------------------------------------------------------------------------------
Total Scatters	Pays	Combinations		Probability		Return
5		100		474		0.000014		0.001413
4		25		20941		0.000624		0.015602
3		5		352560		0.010507		0.052536
2		0		2940905		0.087646		0.000000
1		0		11848733	0.353120		0.000000
0		0		18390819	0.548089		0.000000
Total				33554432	1.000000		0.069550

Theoretical Bonus Feature
------------------------------------------------------
Prob. Bonus			0.011145
Num initial free spins		10
Multiplier			3
Exp base win			0.710335
Expected spins			11.254332
Average bonus			23.983049
Bonus return			0.267299
------------------------------------------------------

Summary
---------------------------------------------
Item			Return
Line Pays		64.078492%
Scatter (fixed wins)	6.955042%
Total return		71.033534%
---------------------------------------------




--------------LINES: 3-------------------


The HITS for each win are: 
-----------------------------------------------------------------------------------------------------
Symbols		5 in a Row	4 in a Row	3 in a Row	2 in a Row	Total
Atkins		0		112		1379		3453		4944
Steak		1780		9962		96305		979735		1087782
Ham		2640		16215		125756		946588		1091199
Drum/ck		2138		14990		173755		1291905		1482788
Sausage		4986		25413		163835		0		194234
Eggs		3127		19845		159820		0		182792
Butter		6165		32409		266392		0		304966
Cheese		5865		41202		262345		0		309412
Bacon		8361		61031		308849		0		378241
May/se		8798		61341		386891		0		457030
Total		43860		282520		1945327		3221681		5493388
-------------------------------------------------------------------------------------------------------

The PROBABILITIES for each win are: 
-------------------------------------------------------------------------------------------------------------------------------
Symbols		5 in a Row		4 in a Row		3 in a Row		2 in a Row		Total
Atkins		0.00000000		0.00000111		0.00001370		0.00003430		0.00004911
Steak		0.00001768		0.00009896		0.00095670		0.00973279		0.01080614
Ham		0.00002623		0.00016108		0.00124927		0.00940351		0.01084009
Drum/ck		0.00002124		0.00014891		0.00172610		0.01283392		0.01473018
Sausage		0.00004953		0.00025246		0.00162755		0.00000000		0.00192954
Eggs		0.00003106		0.00019714		0.00158767		0.00000000		0.00181588
Butter		0.00006124		0.00032195		0.00264637		0.00000000		0.00302957
Cheese		0.00005826		0.00040931		0.00260616		0.00000000		0.00307373
Bacon		0.00008306		0.00060629		0.00306814		0.00000000		0.00375749
May/se		0.00008740		0.00060937		0.00384342		0.00000000		0.00454019
Total		0.00043571		0.00280658		0.01932509		0.03200453		0.05457191
-------------------------------------------------------------------------------------------------------------------------------

The RETURN for each win is: 
-------------------------------------------------------------------------------------------------------------------------------
Symbols		5 in a Row		4 in a Row		3 in a Row		2 in a Row		Total
Atkins		0.000000		0.000556		0.000685		0.000172		0.001413
Steak		0.017683		0.019793		0.038268		0.029198		0.104942
Ham		0.013113		0.024162		0.037478		0.018807		0.093560
Drum/ck		0.006372		0.014891		0.043153		0.025668		0.090083
Sausage		0.009906		0.018934		0.032551		0.000000		0.061392
Eggs		0.006213		0.014786		0.031753		0.000000		0.052752
Butter		0.006124		0.016098		0.039696		0.000000		0.061918
Cheese		0.005826		0.020465		0.039092		0.000000		0.065384
Bacon		0.004153		0.015157		0.030681		0.000000		0.049992
May/se		0.004370		0.015234		0.038434		0.000000		0.058038
Total		0.073760		0.160077		0.331792		0.073845		0.639474
-------------------------------------------------------------------------------------------------------------------------------

Scatter pays 
-------------------------------------------------------------------------------------------------------------------------------
Total Scatters	Pays	Combinations		Probability		Return
5		100		491		0.000015		0.001463
4		25		21140		0.000630		0.015751
3		5		352140		0.010495		0.052473
2		0		2940758		0.087641		0.000000
1		0		11849319	0.353137		0.000000
0		0		18390584	0.548082		0.000000
Total				33554432	1.000000		0.069687

Theoretical Bonus Feature
------------------------------------------------------
Prob. Bonus			0.011139
Num initial free spins		10
Multiplier			3
Exp base win			0.709160
Expected spins			11.253562
Average bonus			23.941738
Bonus return			0.266693
------------------------------------------------------

Summary
---------------------------------------------
Item			Return
Line Pays		63.947356%
Scatter (fixed wins)	6.968677%
Total return		70.916033%
---------------------------------------------




--------------LINES: 4-------------------


The HITS for each win are: 
-----------------------------------------------------------------------------------------------------
Symbols		5 in a Row	4 in a Row	3 in a Row	2 in a Row	Total
Atkins		0		170		2086		4356		6612
Steak		2145		13269		127698		1308365		1451477
Ham		3440		21155		167705		1263048		1455348
Drum/ck		2936		20954		233394		1720325		1977609
Sausage		6883		34292		216684		0		257859
Eggs		4245		26426		211853		0		242524
Butter		7987		43738		353146		0		404871
Cheese		8174		55542		344835		0		408551
Bacon		11146		81026		415051		0		507223
May/se		12366		82259		515274		0		609899
Total		59322		378831		2587726		4296094		7321973
-------------------------------------------------------------------------------------------------------

The PROBABILITIES for each win are: 
-------------------------------------------------------------------------------------------------------------------------------
Symbols		5 in a Row		4 in a Row		3 in a Row		2 in a Row		Total
Atkins		0.00000000		0.00000127		0.00001554		0.00003245		0.00004926
Steak		0.00001598		0.00009886		0.00095142		0.00974808		0.01081435
Ham		0.00002563		0.00015762		0.00124950		0.00941044		0.01084319
Drum/ck		0.00002187		0.00015612		0.00173892		0.01281742		0.01473434
Sausage		0.00005128		0.00025550		0.00161442		0.00000000		0.00192120
Eggs		0.00003163		0.00019689		0.00157843		0.00000000		0.00180694
Butter		0.00005951		0.00032587		0.00263114		0.00000000		0.00301652
Cheese		0.00006090		0.00041382		0.00256922		0.00000000		0.00304394
Bacon		0.00008304		0.00060369		0.00309237		0.00000000		0.00377911
May/se		0.00009213		0.00061288		0.00383909		0.00000000		0.00454410
Total		0.00044198		0.00282251		0.01928006		0.03200839		0.05455295
-------------------------------------------------------------------------------------------------------------------------------

The RETURN for each win is: 
-------------------------------------------------------------------------------------------------------------------------------
Symbols		5 in a Row		4 in a Row		3 in a Row		2 in a Row		Total
Atkins		0.000000		0.000633		0.000777		0.000162		0.001573
Steak		0.015981		0.019772		0.038057		0.029244		0.103055
Ham		0.012815		0.023643		0.037485		0.018821		0.092763
Drum/ck		0.006562		0.015612		0.043473		0.025635		0.091282
Sausage		0.010256		0.019162		0.032288		0.000000		0.061707
Eggs		0.006326		0.014767		0.031569		0.000000		0.052661
Butter		0.005951		0.016294		0.039467		0.000000		0.061712
Cheese		0.006090		0.020691		0.038538		0.000000		0.065319
Bacon		0.004152		0.015092		0.030924		0.000000		0.050168
May/se		0.004607		0.015322		0.038391		0.000000		0.058320
Total		0.072741		0.160988		0.330969		0.073862		0.638560
-------------------------------------------------------------------------------------------------------------------------------

Scatter pays 
-------------------------------------------------------------------------------------------------------------------------------
Total Scatters	Pays	Combinations		Probability		Return
5		100		469		0.000014		0.001398
4		25		20988		0.000625		0.015637
3		5		352430		0.010503		0.052516
2		0		2941385		0.087660		0.000000
1		0		11848142	0.353102		0.000000
0		0		18391018	0.548095		0.000000
Total				33554432	1.000000		0.069551

Theoretical Bonus Feature
------------------------------------------------------
Prob. Bonus			0.011143
Num initial free spins		10
Multiplier			3
Exp base win			0.708111
Expected spins			11.254000
Average bonus			23.907248
Bonus return			0.266391
------------------------------------------------------

Summary
---------------------------------------------
Item			Return
Line Pays		63.855999%
Scatter (fixed wins)	6.955117%
Total return		70.811116%
---------------------------------------------




--------------LINES: 5-------------------


The HITS for each win are: 
-----------------------------------------------------------------------------------------------------
Symbols		5 in a Row	4 in a Row	3 in a Row	2 in a Row	Total
Atkins		0		173		2612		5639		8424
Steak		2497		16127		159434		1629766		1807824
Ham		4115		27077		210148		1576971		1818311
Drum/ck		3539		25942		290733		2149989		2470203
Sausage		8403		42784		271006		0		322193
Eggs		4764		33734		265381		0		303879
Butter		10288		53606		440545		0		504439
Cheese		10410		68223		432436		0		511069
Bacon		13655		101831		515609		0		631095
May/se		15130		101800		646486		0		763416
Total		72801		471297		3234390		5362365		9140853
-------------------------------------------------------------------------------------------------------

The PROBABILITIES for each win are: 
-------------------------------------------------------------------------------------------------------------------------------
Symbols		5 in a Row		4 in a Row		3 in a Row		2 in a Row		Total
Atkins		0.00000000		0.00000103		0.00001557		0.00003361		0.00005021
Steak		0.00001488		0.00009612		0.00095030		0.00971416		0.01077547
Ham		0.00002453		0.00016139		0.00125258		0.00939948		0.01083798
Drum/ck		0.00002109		0.00015463		0.00173290		0.01281493		0.01472356
Sausage		0.00005009		0.00025501		0.00161532		0.00000000		0.00192042
Eggs		0.00002840		0.00020107		0.00158179		0.00000000		0.00181126
Butter		0.00006132		0.00031952		0.00262585		0.00000000		0.00300669
Cheese		0.00006205		0.00040664		0.00257752		0.00000000		0.00304621
Bacon		0.00008139		0.00060696		0.00307327		0.00000000		0.00376162
May/se		0.00009018		0.00060678		0.00385336		0.00000000		0.00455031
Total		0.00043393		0.00280915		0.01927847		0.03196219		0.05448373
-------------------------------------------------------------------------------------------------------------------------------

The RETURN for each win is: 
-------------------------------------------------------------------------------------------------------------------------------
Symbols		5 in a Row		4 in a Row		3 in a Row		2 in a Row		Total
Atkins		0.000000		0.000516		0.000778		0.000168		0.001462
Steak		0.014883		0.019225		0.038012		0.029142		0.101263
Ham		0.012264		0.024209		0.037577		0.018799		0.092849
Drum/ck		0.006328		0.015463		0.043323		0.025630		0.090743
Sausage		0.010017		0.019126		0.032306		0.000000		0.061450
Eggs		0.005679		0.015080		0.031636		0.000000		0.052395
Butter		0.006132		0.015976		0.039388		0.000000		0.061496
Cheese		0.006205		0.020332		0.038663		0.000000		0.065200
Bacon		0.004070		0.015174		0.030733		0.000000		0.049976
May/se		0.004509		0.015169		0.038534		0.000000		0.058212
Total		0.070087		0.160269		0.330950		0.073739		0.635045
-------------------------------------------------------------------------------------------------------------------------------

Scatter pays 
-------------------------------------------------------------------------------------------------------------------------------
Total Scatters	Pays	Combinations		Probability		Return
5		100		478		0.000014		0.001425
4		25		20646		0.000615		0.015382
3		5		353092		0.010523		0.052615
2		0		2938069		0.087561		0.000000
1		0		11853578	0.353264		0.000000
0		0		18388569	0.548022		0.000000
Total				33554432	1.000000		0.069422

Theoretical Bonus Feature
------------------------------------------------------
Prob. Bonus			0.011153
Num initial free spins		10
Multiplier			3
Exp base win			0.704467
Expected spins			11.255241
Average bonus			23.786842
Bonus return			0.265283
------------------------------------------------------

Summary
---------------------------------------------
Item			Return
Line Pays		63.504528%
Scatter (fixed wins)	6.942183%
Total return		70.446711%
---------------------------------------------




--------------LINES: 6-------------------


The HITS for each win are: 
-----------------------------------------------------------------------------------------------------
Symbols		5 in a Row	4 in a Row	3 in a Row	2 in a Row	Total
Atkins		15		218		3105		6012		9350
Steak		3063		19679		191522		1960776		2175040
Ham		5731		31624		252361		1892351		2182067
Drum/ck		4034		30999		351833		2581130		2967996
Sausage		10154		52032		324586		0		386772
Eggs		5834		40043		318619		0		364496
Butter		12075		64505		531823		0		608403
Cheese		11982		79771		516017		0		607770
Bacon		16607		123798		620470		0		760875
May/se		17926		122107		774862		0		914895
Total		87421		564776		3885198		6440269		10977664
-------------------------------------------------------------------------------------------------------

The PROBABILITIES for each win are: 
-------------------------------------------------------------------------------------------------------------------------------
Symbols		5 in a Row		4 in a Row		3 in a Row		2 in a Row		Total
Atkins		0.00000007		0.00000108		0.00001542		0.00002986		0.00004644
Steak		0.00001521		0.00009775		0.00095130		0.00973928		0.01080354
Ham		0.00002847		0.00015708		0.00125349		0.00939941		0.01083844
Drum/ck		0.00002004		0.00015397		0.00174757		0.01282061		0.01474220
Sausage		0.00005044		0.00025845		0.00161224		0.00000000		0.00192112
Eggs		0.00002898		0.00019890		0.00158260		0.00000000		0.00181047
Butter		0.00005998		0.00032040		0.00264159		0.00000000		0.00302197
Cheese		0.00005952		0.00039623		0.00256308		0.00000000		0.00301883
Bacon		0.00008249		0.00061491		0.00308191		0.00000000		0.00377931
May/se		0.00008904		0.00060651		0.00384878		0.00000000		0.00454433
Total		0.00043422		0.00280527		0.01929799		0.03198916		0.05452665
-------------------------------------------------------------------------------------------------------------------------------

The RETURN for each win is: 
-------------------------------------------------------------------------------------------------------------------------------
Symbols		5 in a Row		4 in a Row		3 in a Row		2 in a Row		Total
Atkins		0.000373		0.000541		0.000771		0.000149		0.001834
Steak		0.015214		0.019549		0.038052		0.029218		0.102033
Ham		0.014233		0.023562		0.037605		0.018799		0.094198
Drum/ck		0.006011		0.015397		0.043689		0.025641		0.090739
Sausage		0.010087		0.019383		0.032245		0.000000		0.061715
Eggs		0.005796		0.014917		0.031652		0.000000		0.052365
Butter		0.005998		0.016020		0.039624		0.000000		0.061642
Cheese		0.005952		0.019811		0.038446		0.000000		0.064209
Bacon		0.004124		0.015373		0.030819		0.000000		0.050316
May/se		0.004452		0.015163		0.038488		0.000000		0.058103
Total		0.072239		0.159717		0.331391		0.073807		0.637155
-------------------------------------------------------------------------------------------------------------------------------

Scatter pays 
-------------------------------------------------------------------------------------------------------------------------------
Total Scatters	Pays	Combinations		Probability		Return
5		100		452		0.000013		0.001347
4		25		20997		0.000626		0.015644
3		5		352460		0.010504		0.052521
2		0		2940616		0.087637		0.000000
1		0		11849497	0.353143		0.000000
0		0		18390410	0.548077		0.000000
Total				33554432	1.000000		0.069512

Theoretical Bonus Feature
------------------------------------------------------
Prob. Bonus			0.011143
Num initial free spins		10
Multiplier			3
Exp base win			0.706666
Expected spins			11.254083
Average bonus			23.858640
Bonus return			0.265865
------------------------------------------------------

Summary
---------------------------------------------
Item			Return
Line Pays		63.715455%
Scatter (fixed wins)	6.951168%
Total return		70.666624%
---------------------------------------------




--------------LINES: 7-------------------


The HITS for each win are: 
-----------------------------------------------------------------------------------------------------
Symbols		5 in a Row	4 in a Row	3 in a Row	2 in a Row	Total
Atkins		15		319		3466		7033		10833
Steak		3602		22400		224108		2287345		2537455
Ham		6919		36702		295454		2206556		2545631
Drum/ck		4759		36550		411635		3009049		3461993
Sausage		11635		60853		380035		0		452523
Eggs		6647		46699		370089		0		423435
Butter		14193		74985		620722		0		709900
Cheese		13748		94393		598958		0		707099
Bacon		19248		144196		726872		0		890316
May/se		20324		142368		904163		0		1066855
Total		101090		659465		4535502		7509983		12806040
-------------------------------------------------------------------------------------------------------

The PROBABILITIES for each win are: 
-------------------------------------------------------------------------------------------------------------------------------
Symbols		5 in a Row		4 in a Row		3 in a Row		2 in a Row		Total
Atkins		0.00000006		0.00000136		0.00001476		0.00002994		0.00004612
Steak		0.00001534		0.00009537		0.00095413		0.00973831		0.01080315
Ham		0.00002946		0.00015626		0.00125789		0.00939436		0.01083796
Drum/ck		0.00002026		0.00015561		0.00175253		0.01281095		0.01473935
Sausage		0.00004954		0.00025908		0.00161799		0.00000000		0.00192661
Eggs		0.00002830		0.00019882		0.00157564		0.00000000		0.00180276
Butter		0.00006043		0.00031925		0.00264271		0.00000000		0.00302238
Cheese		0.00005853		0.00040188		0.00255005		0.00000000		0.00301046
Bacon		0.00008195		0.00061391		0.00309464		0.00000000		0.00379050
May/se		0.00008653		0.00060613		0.00384945		0.00000000		0.00454211
Total		0.00043039		0.00280766		0.01930978		0.03197356		0.05452139
-------------------------------------------------------------------------------------------------------------------------------

The RETURN for each win is: 
-------------------------------------------------------------------------------------------------------------------------------
Symbols		5 in a Row		4 in a Row		3 in a Row		2 in a Row		Total
Atkins		0.000319		0.000679		0.000738		0.000150		0.001886
Steak		0.015335		0.019073		0.038165		0.029215		0.101789
Ham		0.014729		0.023439		0.037737		0.018789		0.094693
Drum/ck		0.006078		0.015561		0.043813		0.025622		0.091075
Sausage		0.009907		0.019431		0.032360		0.000000		0.061698
Eggs		0.005660		0.014911		0.031513		0.000000		0.052084
Butter		0.006043		0.015962		0.039641		0.000000		0.061646
Cheese		0.005853		0.020094		0.038251		0.000000		0.064198
Bacon		0.004097		0.015348		0.030946		0.000000		0.050392
May/se		0.004326		0.015153		0.038495		0.000000		0.057974
Total		0.072349		0.159652		0.331658		0.073775		0.637434
-------------------------------------------------------------------------------------------------------------------------------

Scatter pays 
-------------------------------------------------------------------------------------------------------------------------------
Total Scatters	Pays	Combinations		Probability		Return
5		100		492		0.000015		0.001466
4		25		21127		0.000630		0.015741
3		5		352267		0.010498		0.052492
2		0		2940329		0.087629		0.000000
1		0		11849618	0.353146		0.000000
0		0		18390599	0.548083		0.000000
Total				33554432	1.000000		0.069699

Theoretical Bonus Feature
------------------------------------------------------
Prob. Bonus			0.011143
Num initial free spins		10
Multiplier			3
Exp base win			0.707133
Expected spins			11.253996
Average bonus			23.874201
Bonus return			0.266022
------------------------------------------------------

Summary
---------------------------------------------
Item			Return
Line Pays		63.743359%
Scatter (fixed wins)	6.969899%
Total return		70.713258%
---------------------------------------------




--------------LINES: 8-------------------


The HITS for each win are: 
-----------------------------------------------------------------------------------------------------
Symbols		5 in a Row	4 in a Row	3 in a Row	2 in a Row	Total
Atkins		16		327		3849		8228		12420
Steak		4045		25693		256320		2613824		2899882
Ham		7660		41646		336821		2523024		2909151
Drum/ck		5617		42028		468855		3440664		3957164
Sausage		13447		69590		434333		0		517370
Eggs		7456		53329		423681		0		484466
Butter		16334		86011		708503		0		810848
Cheese		16305		107620		686206		0		810131
Bacon		22395		166443		826708		0		1015546
May/se		23273		163009		1033807		0		1220089
Total		116548		755696		5179083		8585740		14637067
-------------------------------------------------------------------------------------------------------

The PROBABILITIES for each win are: 
-------------------------------------------------------------------------------------------------------------------------------
Symbols		5 in a Row		4 in a Row		3 in a Row		2 in a Row		Total
Atkins		0.00000006		0.00000122		0.00001434		0.00003065		0.00004627
Steak		0.00001507		0.00009571		0.00095487		0.00973725		0.01080290
Ham		0.00002854		0.00015514		0.00125476		0.00939900		0.01083743
Drum/ck		0.00002092		0.00015657		0.00174662		0.01281747		0.01474158
Sausage		0.00005009		0.00025924		0.00161802		0.00000000		0.00192735
Eggs		0.00002778		0.00019867		0.00157833		0.00000000		0.00180478
Butter		0.00006085		0.00032042		0.00263938		0.00000000		0.00302064
Cheese		0.00006074		0.00040092		0.00255632		0.00000000		0.00301797
Bacon		0.00008343		0.00062005		0.00307973		0.00000000		0.00378320
May/se		0.00008670		0.00060726		0.00385123		0.00000000		0.00454519
Total		0.00043418		0.00281519		0.01929359		0.03198437		0.05452732
-------------------------------------------------------------------------------------------------------------------------------

The RETURN for each win is: 
-------------------------------------------------------------------------------------------------------------------------------
Symbols		5 in a Row		4 in a Row		3 in a Row		2 in a Row		Total
Atkins		0.000298		0.000609		0.000717		0.000153		0.001777
Steak		0.015069		0.019143		0.038195		0.029212		0.101618
Ham		0.014268		0.023272		0.037643		0.018798		0.093980
Drum/ck		0.006277		0.015657		0.043666		0.025635		0.091235
Sausage		0.010019		0.019443		0.032360		0.000000		0.061822
Eggs		0.005555		0.014900		0.031567		0.000000		0.052022
Butter		0.006085		0.016021		0.039591		0.000000		0.061696
Cheese		0.006074		0.020046		0.038345		0.000000		0.064465
Bacon		0.004171		0.015501		0.030797		0.000000		0.050470
May/se		0.004335		0.015181		0.038512		0.000000		0.058029
Total		0.072151		0.159772		0.331392		0.073798		0.637114
-------------------------------------------------------------------------------------------------------------------------------

Scatter pays 
-------------------------------------------------------------------------------------------------------------------------------
Total Scatters	Pays	Combinations		Probability		Return
5		100		473		0.000014		0.001410
4		25		20672		0.000616		0.015402
3		5		352529		0.010506		0.052531
2		0		2942292		0.087687		0.000000
1		0		11847130	0.353072		0.000000
0		0		18391336	0.548105		0.000000
Total				33554432	1.000000		0.069342

Theoretical Bonus Feature
------------------------------------------------------
Prob. Bonus			0.011136
Num initial free spins		10
Multiplier			3
Exp base win			0.706456
Expected spins			11.253196
Average bonus			23.849663
Bonus return			0.265598
------------------------------------------------------

Summary
---------------------------------------------
Item			Return
Line Pays		63.711361%
Scatter (fixed wins)	6.934240%
Total return		70.645602%
---------------------------------------------




--------------LINES: 9-------------------


The HITS for each win are: 
-----------------------------------------------------------------------------------------------------
Symbols		5 in a Row	4 in a Row	3 in a Row	2 in a Row	Total
Atkins		14		371		4272		9583		14240
Steak		4358		28227		290490		2939877		3262952
Ham		8841		46904		377528		2839670		3272943
Drum/ck		6609		47629		525990		3871837		4452065
Sausage		15331		78540		488470		0		582341
Eggs		8411		60360		475019		0		543790
Butter		18188		97208		795364		0		910760
Cheese		18812		122636		774702		0		916150
Bacon		24963		186010		930523		0		1141496
May/se		25843		184305		1163347		0		1373495
Total		131370		852190		5825705		9660967		16470232
-------------------------------------------------------------------------------------------------------

The PROBABILITIES for each win are: 
-------------------------------------------------------------------------------------------------------------------------------
Symbols		5 in a Row		4 in a Row		3 in a Row		2 in a Row		Total
Atkins		0.00000005		0.00000123		0.00001415		0.00003173		0.00004715
Steak		0.00001443		0.00009347		0.00096192		0.00973502		0.01080484
Ham		0.00002928		0.00015532		0.00125013		0.00940320		0.01083792
Drum/ck		0.00002188		0.00015772		0.00174175		0.01282108		0.01474243
Sausage		0.00005077		0.00026007		0.00161750		0.00000000		0.00192835
Eggs		0.00002785		0.00019987		0.00157296		0.00000000		0.00180069
Butter		0.00006023		0.00032189		0.00263374		0.00000000		0.00301586
Cheese		0.00006229		0.00040609		0.00256532		0.00000000		0.00303371
Bacon		0.00008266		0.00061595		0.00308131		0.00000000		0.00377991
May/se		0.00008558		0.00061030		0.00385227		0.00000000		0.00454815
Total		0.00043501		0.00282192		0.01929106		0.03199103		0.05453902
-------------------------------------------------------------------------------------------------------------------------------

The RETURN for each win is: 
-------------------------------------------------------------------------------------------------------------------------------
Symbols		5 in a Row		4 in a Row		3 in a Row		2 in a Row		Total
Atkins		0.000232		0.000614		0.000707		0.000159		0.001712
Steak		0.014431		0.018694		0.038477		0.029205		0.100807
Ham		0.014638		0.023297		0.037504		0.018806		0.094246
Drum/ck		0.006565		0.015772		0.043544		0.025642		0.091523
Sausage		0.010153		0.019506		0.032350		0.000000		0.062009
Eggs		0.005570		0.014991		0.031459		0.000000		0.052020
Butter		0.006023		0.016095		0.039506		0.000000		0.061623
Cheese		0.006229		0.020305		0.038480		0.000000		0.065014
Bacon		0.004133		0.015399		0.030813		0.000000		0.050345
May/se		0.004279		0.015258		0.038523		0.000000		0.058059
Total		0.072254		0.159929		0.331363		0.073812		0.637358
-------------------------------------------------------------------------------------------------------------------------------

Scatter pays 
-------------------------------------------------------------------------------------------------------------------------------
Total Scatters	Pays	Combinations		Probability		Return
5		100		469		0.000014		0.001398
4		25		20916		0.000623		0.015584
3		5		352428		0.010503		0.052516
2		0		2941080		0.087651		0.000000
1		0		11849196	0.353134		0.000000
0		0		18390343	0.548075		0.000000
Total				33554432	1.000000		0.069497

Theoretical Bonus Feature
------------------------------------------------------
Prob. Bonus			0.011140
Num initial free spins		10
Multiplier			3
Exp base win			0.706855
Expected spins			11.253720
Average bonus			23.864256
Bonus return			0.265860
------------------------------------------------------

Summary
---------------------------------------------
Item			Return
Line Pays		63.735808%
Scatter (fixed wins)	6.949723%
Total return		70.685531%
---------------------------------------------




--------------LINES: 10-------------------


The HITS for each win are: 
-----------------------------------------------------------------------------------------------------
Symbols		5 in a Row	4 in a Row	3 in a Row	2 in a Row	Total
Atkins		20		465		5168		10644		16297
Steak		5033		31476		321383		3263351		3621243
Ham		9970		52069		419412		3150511		3631962
Drum/ck		7633		52313		582869		4300515		4943330
Sausage		16774		86453		543097		0		646324
Eggs		9202		67992		527904		0		605098
Butter		20428		107595		884904		0		1012927
Cheese		21158		136884		858360		0		1016402
Bacon		27957		205268		1035168		0		1268393
May/se		28977		205277		1291582		0		1525836
Total		147152		945792		6469847		10725021		18287812
-------------------------------------------------------------------------------------------------------

The PROBABILITIES for each win are: 
-------------------------------------------------------------------------------------------------------------------------------
Symbols		5 in a Row		4 in a Row		3 in a Row		2 in a Row		Total
Atkins		0.00000006		0.00000139		0.00001540		0.00003172		0.00004857
Steak		0.00001500		0.00009381		0.00095780		0.00972554		0.01079215
Ham		0.00002971		0.00015518		0.00124995		0.00938925		0.01082409
Drum/ck		0.00002275		0.00015590		0.00173708		0.01281653		0.01473227
Sausage		0.00004999		0.00025765		0.00161856		0.00000000		0.00192620
Eggs		0.00002742		0.00020263		0.00157328		0.00000000		0.00180333
Butter		0.00006088		0.00032066		0.00263722		0.00000000		0.00301876
Cheese		0.00006306		0.00040795		0.00255811		0.00000000		0.00302911
Bacon		0.00008332		0.00061175		0.00308504		0.00000000		0.00378011
May/se		0.00008636		0.00061177		0.00384921		0.00000000		0.00454735
Total		0.00043855		0.00281868		0.01928165		0.03196305		0.05450193
-------------------------------------------------------------------------------------------------------------------------------

The RETURN for each win is: 
-------------------------------------------------------------------------------------------------------------------------------
Symbols		5 in a Row		4 in a Row		3 in a Row		2 in a Row		Total
Atkins		0.000298		0.000693		0.000770		0.000159		0.001920
Steak		0.015000		0.018761		0.038312		0.029177		0.101249
Ham		0.014856		0.023277		0.037498		0.018779		0.094410
Drum/ck		0.006824		0.015590		0.043427		0.025633		0.091475
Sausage		0.009998		0.019324		0.032371		0.000000		0.061693
Eggs		0.005485		0.015197		0.031466		0.000000		0.052148
Butter		0.006088		0.016033		0.039558		0.000000		0.061679
Cheese		0.006306		0.020397		0.038372		0.000000		0.065075
Bacon		0.004166		0.015294		0.030850		0.000000		0.050310
May/se		0.004318		0.015294		0.038492		0.000000		0.058104
Total		0.073339		0.159861		0.331117		0.073747		0.638063
-------------------------------------------------------------------------------------------------------------------------------

Scatter pays 
-------------------------------------------------------------------------------------------------------------------------------
Total Scatters	Pays	Combinations		Probability		Return
5		100		492		0.000015		0.001466
4		25		21017		0.000626		0.015659
3		5		352436		0.010503		0.052517
2		0		2939519		0.087604		0.000000
1		0		11851174	0.353193		0.000000
0		0		18389794	0.548059		0.000000
Total				33554432	1.000000		0.069642

Theoretical Bonus Feature
------------------------------------------------------
Prob. Bonus			0.011144
Num initial free spins		10
Multiplier			3
Exp base win			0.707705
Expected spins			11.254218
Average bonus			23.893997
Bonus return			0.266285
------------------------------------------------------

Summary
---------------------------------------------
Item			Return
Line Pays		63.806269%
Scatter (fixed wins)	6.964222%
Total return		70.770490%
---------------------------------------------




--------------LINES: 11-------------------


The HITS for each win are: 
-----------------------------------------------------------------------------------------------------
Symbols		5 in a Row	4 in a Row	3 in a Row	2 in a Row	Total
Atkins		17		375		5617		11397		17406
Steak		5236		34169		354808		3593352		3987565
Ham		10966		56900		462206		3469228		3999300
Drum/ck		8644		57738		643874		4729817		5440073
Sausage		18118		96699		596649		0		711466
Eggs		10305		74116		579698		0		664119
Butter		22158		119189		972537		0		1113884
Cheese		22579		149827		942492		0		1114898
Bacon		30804		227056		1139418		0		1397278
May/se		32235		223885		1422420		0		1678540
Total		161062		1039954		7119719		11803794		20124529
-------------------------------------------------------------------------------------------------------

The PROBABILITIES for each win are: 
-------------------------------------------------------------------------------------------------------------------------------
Symbols		5 in a Row		4 in a Row		3 in a Row		2 in a Row		Total
Atkins		0.00000005		0.00000102		0.00001522		0.00003088		0.00004716
Steak		0.00001419		0.00009257		0.00096128		0.00973548		0.01080352
Ham		0.00002971		0.00015416		0.00125226		0.00939919		0.01083531
Drum/ck		0.00002342		0.00015643		0.00174445		0.01281450		0.01473880
